0 0.6599264705882353 0.3611111111111111 0.0900735294117647 0.16666666666666666
0 0.36856617647058826 0.2369281045751634 0.09375 0.16830065359477125
0 0.46691176470588236 0.4395424836601307 0.09466911764705882 0.16830065359477125
0 0.39705882352941174 0.6535947712418301 0.09558823529411764 0.16993464052287582
0 0.5229779411764706 0.8120915032679739 0.09375 0.1650326797385621
0 0.32077205882352944 0.8709150326797386 0.09375 0.16176470588235295
0 0.18198529411764705 0.7663398692810458 0.09191176470588236 0.16339869281045752
0 0.28125 0.477124183006536 0.09375 0.16176470588235295
0 0.11948529411764706 0.4411764705882353 0.07996323529411764 0.16666666666666666
0 0.10294117647058823 0.058823529411764705 0.04871323529411765 0.11601307189542484
0 0.2113970588235294 0.1830065359477124 0.09283088235294118 0.1650326797385621