0 0.05698529411764706 0.795751633986928 0.11213235294117647 0.22875816993464052
0 0.31433823529411764 0.6437908496732027 0.12867647058823528 0.22549019607843138
0 0.09375 0.5392156862745098 0.13143382352941177 0.22875816993464052
0 0.08088235294117647 0.34967320261437906 0.13051470588235295 0.20588235294117646
0 0.02849264705882353 0.24019607843137256 0.05606617647058824 0.2173202614379085
0 0.1801470588235294 0.07516339869281045 0.11948529411764706 0.14869281045751634
0 0.3630514705882353 0.10294117647058823 0.12408088235294118 0.20588235294117646
0 0.6139705882352942 0.08660130718954248 0.12040441176470588 0.1715686274509804
0 0.9770220588235294 0.18790849673202614 0.04595588235294118 0.20915032679738563
0 0.9356617647058824 0.3872549019607843 0.12867647058823528 0.2173202614379085
0 0.9834558823529411 0.5196078431372549 0.03216911764705882 0.20098039215686275
0 0.8446691176470589 0.7254901960784313 0.13143382352941177 0.2369281045751634