0 0.9430147058823529 0.2042483660130719 0.11213235294117647 0.22875816993464052
0 0.6856617647058824 0.3562091503267974 0.12867647058823528 0.22549019607843138
0 0.90625 0.46078431372549017 0.13143382352941177 0.22875816993464052
0 0.9191176470588235 0.6503267973856209 0.13051470588235295 0.20588235294117646
0 0.9715073529411765 0.7598039215686274 0.05606617647058824 0.2173202614379085
0 0.8198529411764706 0.9248366013071896 0.11948529411764706 0.14869281045751634
0 0.6369485294117647 0.8970588235294118 0.12408088235294118 0.20588235294117646
0 0.3860294117647059 0.9133986928104575 0.12040441176470588 0.1715686274509804
0 0.02297794117647059 0.8120915032679739 0.04595588235294118 0.20915032679738563
0 0.06433823529411764 0.6127450980392157 0.12867647058823528 0.2173202614379085
0 0.016544117647058824 0.4803921568627451 0.03216911764705882 0.20098039215686275
0 0.15533088235294118 0.27450980392156865 0.13143382352941177 0.2369281045751634