0 0.3400735294117647 0.6388888888888888 0.0900735294117647 0.16666666666666666
0 0.6314338235294118 0.7630718954248366 0.09375 0.16830065359477125
0 0.5330882352941176 0.5604575163398693 0.09466911764705882 0.16830065359477125
0 0.6029411764705882 0.3464052287581699 0.09558823529411764 0.16993464052287582
0 0.47702205882352944 0.18790849673202614 0.09375 0.1650326797385621
0 0.6792279411764706 0.12908496732026145 0.09375 0.16176470588235295
0 0.8180147058823529 0.23366013071895425 0.09191176470588236 0.16339869281045752
0 0.71875 0.5228758169934641 0.09375 0.16176470588235295
0 0.8805147058823529 0.5588235294117647 0.07996323529411764 0.16666666666666666
0 0.8970588235294118 0.9411764705882353 0.04871323529411765 0.11601307189542484
0 0.7886029411764706 0.8169934640522876 0.09283088235294118 0.1650326797385621